../data/voc_data/images/img1.jpg 558 111 713 528 0 352 125 474 517 0
../data/voc_data/images/img2.jpg 1018 172 1268 609 0 680 96 990 662 0 613 112 707 486 0 494 156 677 539 0
../data/voc_data/images/img3.jpg 74 48 213 242 0 188 56 336 251 0 343 1 482 258 0 291 193 500 363 0
../data/voc_data/images/img5.jpg 445 148 483 261 0 398 136 447 276 0 438 128 456 159 0 424 130 440 156 0
../data/voc_data/images/img6.jpg 1002 105 1277 720 0 910 174 1031 487 0 781 164 955 628 0 676 165 799 568 0
../data/voc_data/images/img7.jpg 436 1 485 115 0 1 1 91 205 0 98 1 136 73 0 125 1 180 79 0
../data/voc_data/images/img8.jpg 289 41 500 372 0 2 33 254 349 0
../data/voc_data/images/img9.jpg 259 129 362 347 0 195 163 282 256 0 173 115 244 262 0
../data/voc_data/images/img10.jpg 83 119 245 375 0 266 51 500 375 0 211 159 313 373 0
../data/voc_data/images/img11.jpg 755 32 1084 971 0 432 54 711 887 0 243 314 500 991 0 99 24 329 500 0
../data/voc_data/images/img12.jpg 275 22 332 228 0 160 31 255 217 0 178 70 206 121 0 79 13 143 152 0
../data/voc_data/images/img13.jpg 1097 544 1325 1077 0 989 504 1100 834 0 726 516 834 829 0 871 471 919 587 0
../data/voc_data/images/img14.jpg 212 115 242 209 0 171 119 199 195 0 143 115 176 212 0 49 190 99 308 0
../data/voc_data/images/img16.jpg 1 198 29 298 0 19 222 87 379 0 63 191 126 312 0 104 214 160 359 0
../data/voc_data/images/img17.jpg 463 82 570 349 0 574 161 594 197 0 337 80 455 340 0 93 156 115 223 0
../data/voc_data/images/img18.jpg 283 49 398 305 0 157 68 252 317 0 64 65 170 304 0 18 144 45 220 0
../data/voc_data/images/img19.jpg 521 72 635 348 0 551 56 581 97 0 485 58 528 172 0 461 59 475 91 0
../data/voc_data/images/img20.jpg 305 88 379 247 0 360 93 377 128 0 152 94 242 249 0
../data/voc_data/images/img21.jpg 333 82 607 1035 0 119 91 367 1032 0 1 1 129 380 0 521 1 684 405 0
../data/voc_data/images/img22.jpg 392 275 475 463 0 275 296 347 468 0 117 318 218 505 0 180 13 250 95 0
../data/voc_data/images/img23.jpg 4 245 21 277 0 52 59 61 80 0 232 95 244 123 0 429 70 442 100 0
../data/voc_data/images/img24.jpg 159 112 305 312 0 311 255 378 311 0
../data/voc_data/images/img25.jpg 92 57 175 314 0 212 91 254 202 0 167 1 400 247 0 315 76 396 263 0
../data/voc_data/images/img26.jpg 495 117 619 346 0 331 74 542 294 0 163 79 337 278 0 1 108 174 347 0
../data/voc_data/images/img27.jpg 102 46 307 244 0 369 36 427 225 0
../data/voc_data/images/img28.jpg 361 92 397 160 0 344 85 364 135 0 424 79 448 119 0 316 77 342 143 0
../data/voc_data/images/img29.jpg 956 460 995 570 0 635 461 689 612 0 566 469 640 589 0 503 468 533 526 0
../data/voc_data/images/img30.jpg 404 92 537 451 0 243 118 397 451 0 169 30 271 451 0 20 73 159 451 0
../data/voc_data/images/img31.jpg 283 193 338 338 0 234 200 286 342 0 216 205 250 315 0 166 196 231 338 0
../data/voc_data/images/img32.jpg 275 258 307 316 0 275 189 308 261 0 222 213 254 306 0 192 195 223 273 0
../data/voc_data/images/img35.jpg 469 44 558 296 0 208 51 364 334 0 1 76 92 297 0
../data/voc_data/images/img36.jpg 892 7 950 154 0 860 1 927 102 0 848 193 950 458 0 767 37 807 105 0
../data/voc_data/images/img37.jpg 935 295 1221 787 0 1421 240 1471 280 0
../data/voc_data/images/img38.jpg 322 269 392 362 0 579 336 623 422 0 515 1 565 70 0
../data/voc_data/images/img39.jpg 356 221 433 388 0 308 298 365 420 0 252 227 309 397 0
../data/voc_data/images/img42.jpg 717 1123 791 1287 0 613 1113 701 1311 0 433 1113 467 1178 0 222 1111 262 1181 0
../data/voc_data/images/img46.jpg 370 126 431 314 0 236 114 323 315 0 326 72 375 206 0 331 66 352 108 0
../data/voc_data/images/img47.jpg 930 194 1043 483 0 860 229 936 481 0
../data/voc_data/images/img49.jpg 930 623 997 750 0 836 610 918 750 0 15 603 32 655 0 36 601 54 661 0
../data/voc_data/images/img50.jpg 2957 1308 4217 2172 0 2408 1317 3111 2147 0 1663 1350 2475 2205 0 884 1299 2030 2290 0
../data/voc_data/images/img53.jpg 126 31 294 317 0 216 78 330 273 0
../data/voc_data/images/img54.jpg 523 169 615 393 0 458 175 570 450 0 81 187 217 450 0 397 162 455 202 0
../data/voc_data/images/img55.jpg 529 85 547 130 0 419 97 461 218 0 357 99 445 239 0 269 175 357 346 0
../data/voc_data/images/img56.jpg 213 285 298 463 0 324 275 341 315 0 336 275 353 314 0
../data/voc_data/images/img57.jpg 198 450 260 541 0 147 199 173 255 0 122 236 157 290 0 119 205 148 248 0
../data/voc_data/images/img58.jpg 647 289 762 519 0 495 332 605 538 0 423 319 522 523 0 245 183 350 380 0
../data/voc_data/images/img59.jpg 896 170 1080 651 0 640 256 721 372 0 448 233 622 543 0 269 248 398 637 0
../data/voc_data/images/img60.jpg 301 84 589 1002 0 76 81 332 1012 0 559 30 684 186 0 1 100 89 849 0
../data/voc_data/images/img61.jpg 800 130 1057 576 0 507 119 757 618 0
../data/voc_data/images/img62.jpg 304 86 342 178 0 237 105 263 165 0 165 102 207 167 0 3 83 71 205 0
../data/voc_data/images/img63.jpg 236 29 320 283 0 152 22 277 295 0 44 87 142 249 0
../data/voc_data/images/img64.jpg 172 98 304 340 0 295 97 406 300 0 382 119 468 270 0
../data/voc_data/images/img66.jpg 767 203 896 512 0 597 189 758 577 0 503 165 645 549 0 222 176 418 598 0
../data/voc_data/images/img67.jpg 44 488 112 600 0 1 491 30 572 0 24 500 47 548 0 238 504 294 594 0
../data/voc_data/images/img69.jpg 53 169 157 404 0 167 205 252 397 0 267 207 344 393 0 335 189 435 487 0
../data/voc_data/images/img70.jpg 389 172 414 240 0 226 207 269 275 0 106 194 151 259 0 114 132 137 157 0
../data/voc_data/images/img71.jpg 167 52 609 1237 0 668 152 750 380 0 193 76 273 353 0
../data/voc_data/images/img73.jpg 286 155 554 897 0 1 132 288 920 0
../data/voc_data/images/img75.jpg 389 164 470 397 0 139 171 195 319 0
../data/voc_data/images/img76.jpg 701 210 903 837 0 452 166 717 837 0 220 511 357 767 0 65 375 187 802 0
../data/voc_data/images/img77.jpg 220 52 322 348 0 120 94 172 233 0 92 164 120 220 0 154 90 190 218 0
../data/voc_data/images/img79.jpg 284 82 326 162 0 251 80 297 165 0 211 105 255 187 0 151 82 218 203 0
../data/voc_data/images/img80.jpg 330 29 621 1033 0 98 98 395 1032 0
../data/voc_data/images/img81.jpg 847 374 1021 677 0 818 266 873 456 0 725 253 789 438 0 618 274 730 439 0
../data/voc_data/images/img82.jpg 1831 861 2111 1477 0 1665 693 1911 1413 0
../data/voc_data/images/img83.jpg 410 232 498 437 0 306 261 347 349 0 232 245 287 397 0 151 225 244 479 0
../data/voc_data/images/img84.jpg 487 146 629 449 0 399 171 471 352 0 332 159 401 420 0 287 158 353 373 0
../data/voc_data/images/img85.jpg 480 108 690 874 0 171 68 523 1026 0 1 249 129 833 0
../data/voc_data/images/img86.jpg 320 231 420 436 0 19 219 64 290 0 522 12 1040 709 0
../data/voc_data/images/img87.jpg 313 50 377 272 0 217 27 307 270 0
../data/voc_data/images/img88.jpg 863 496 1012 638 0 711 448 861 800 0 654 431 778 761 0 502 429 578 543 0
../data/voc_data/images/img89.jpg 210 27 239 104 0 237 44 275 114 0 310 1 344 71 0 281 15 313 67 0
../data/voc_data/images/img90.jpg 584 365 650 612 0 255 389 363 594 0 27 373 97 499 0 86 386 177 474 0
../data/voc_data/images/img91.jpg 145 92 324 426 0 26 103 125 326 0 344 118 382 208 0
../data/voc_data/images/img92.jpg 560 48 630 233 0 408 80 468 316 0 336 82 451 316 0 225 64 330 316 0
../data/voc_data/images/img93.jpg 852 313 893 422 0 804 318 835 392 0 686 284 771 519 0 531 283 622 512 0
../data/voc_data/images/img94.jpg 1725 682 1989 1161 0 1707 668 2043 1529 0 1314 1039 1696 1971 0
../data/voc_data/images/img95.jpg 578 297 668 385 0 662 188 699 230 0 627 203 663 250 0 566 192 622 286 0
../data/voc_data/images/img96.jpg 830 463 933 667 0 820 482 863 631 0 705 457 804 667 0 514 466 593 667 0
../data/voc_data/images/img97.jpg 409 73 497 267 0 58 88 96 213 0 23 88 59 215 0
../data/voc_data/images/img98.jpg 260 99 313 260 0 215 140 270 262 0
../data/voc_data/images/img99.jpg 516 76 584 212 0 100 110 131 201 0 31 125 63 183 0
../data/voc_data/images/img100.jpg 535 178 620 349 0 429 155 507 296 0 257 173 328 344 0
../data/voc_data/images/img101.jpg 282 136 333 302 0 361 144 399 267 0
../data/voc_data/images/img102.jpg 726 646 747 693 0 743 651 762 697 0 769 650 791 692 0 799 649 817 691 0
../data/voc_data/images/img103.jpg 506 264 584 449 0 393 267 443 402 0 434 273 471 396 0
../data/voc_data/images/img104.jpg 133 181 168 247 0 81 174 117 237 0 285 73 295 97 0 270 76 281 103 0
../data/voc_data/images/img105.jpg 843 275 947 549 0 778 291 841 474 0 913 290 980 462 0 690 289 772 520 0
../data/voc_data/images/img106.jpg 555 168 591 261 0 476 170 507 236 0 460 166 490 240 0
../data/voc_data/images/img108.jpg 764 356 808 525 0 843 360 891 434 0 682 343 750 531 0 616 353 694 600 0
../data/voc_data/images/img109.jpg 332 1 500 240 0 179 39 286 235 0 137 25 194 229 0 65 26 134 230 0
../data/voc_data/images/img110.jpg 430 96 467 190 0 389 89 423 194 0 326 91 355 162 0 364 93 399 164 0
../data/voc_data/images/img111.jpg 1349 173 1498 698 0 806 200 968 680 0 589 257 829 885 0 217 225 578 1164 0
../data/voc_data/images/img113.jpg 368 62 421 194 0 419 59 437 94 0 324 107 371 189 0 215 109 289 281 0
../data/voc_data/images/img114.jpg 269 308 332 433 0 390 311 432 413 0 516 318 557 400 0
../data/voc_data/images/img115.jpg 457 133 491 245 0 415 105 486 250 0 335 108 378 230 0
../data/voc_data/images/img116.jpg 260 79 400 427 0 177 50 293 427 0 87 40 220 419 0 1 74 73 427 0
../data/voc_data/images/img117.jpg 245 160 273 213 0 223 165 258 224 0 169 179 201 235 0 95 175 127 236 0
../data/voc_data/images/img118.jpg 659 198 722 380 0 698 153 734 226 0 610 200 682 341 0
../data/voc_data/images/img119.jpg 739 503 810 713 0 581 445 694 699 0 298 421 382 702 0 366 458 402 554 0
../data/voc_data/images/img120.jpg 250 11 395 402 0 158 31 266 323 0 26 41 112 274 0 99 68 149 258 0
../data/voc_data/images/img121.jpg 219 277 263 344 0 105 202 135 254 0 277 151 293 192 0
../data/voc_data/images/img122.jpg 532 196 575 329 0 471 222 522 320 0 345 200 413 343 0 294 202 346 344 0
../data/voc_data/images/img123.jpg 286 138 372 359 0 239 153 307 352 0
../data/voc_data/images/img124.jpg 748 337 898 612 0 590 341 771 670 0 1 254 166 810 0
../data/voc_data/images/img125.jpg 496 184 660 557 0 314 184 478 717 0 36 173 165 533 0
../data/voc_data/images/img126.jpg 91 107 367 1012 0 289 25 616 1035 0 513 92 686 429 0
../data/voc_data/images/img127.jpg 74 20 108 97 0 154 120 207 194 0 275 12 310 50 0 278 46 319 101 0
../data/voc_data/images/img128.jpg 460 180 594 361 0 362 156 525 356 0 318 140 453 333 0 225 174 295 361 0
../data/voc_data/images/img129.jpg 515 238 538 292 0 375 238 414 309 0 308 238 339 310 0 226 244 265 314 0
../data/voc_data/images/img130.jpg 765 234 800 436 0 624 213 715 456 0 710 228 752 313 0 614 232 660 419 0
../data/voc_data/images/img131.jpg 598 289 709 625 0 541 307 640 625 0 446 314 605 715 0 185 294 359 710 0
../data/voc_data/images/img132.jpg 366 162 451 369 0 241 59 377 378 0 311 25 390 172 0 98 44 216 338 0
../data/voc_data/images/img133.jpg 454 95 793 523 0 393 1 621 523 0 270 220 335 480 0 110 148 246 441 0
../data/voc_data/images/img134.jpg 537 233 564 287 0 310 209 371 310 0 237 214 262 266 0
../data/voc_data/images/img135.jpg 431 207 509 383 0 403 151 482 376 0 235 229 311 383 0 265 117 365 374 0
../data/voc_data/images/img136.jpg 225 70 341 424 0 589 110 622 196 0 614 106 649 202 0
../data/voc_data/images/img137.jpg 394 107 435 184 0 282 112 355 218 0 287 112 316 188 0
../data/voc_data/images/img138.jpg 439 47 527 356 0 231 37 336 360 0 52 23 177 360 0 585 19 639 360 0
../data/voc_data/images/img139.jpg 234 168 285 313 0 154 164 242 400 0 123 160 183 334 0 1 151 65 346 0
../data/voc_data/images/img140.jpg 489 430 573 654 0 257 457 339 661 0 197 417 265 592 0
../data/voc_data/images/img142.jpg 503 151 588 313 0 147 77 306 296 0
../data/voc_data/images/img143.jpg 427 139 547 376 0 365 147 420 322 0 437 149 467 202 0 251 129 346 329 0
../data/voc_data/images/img144.jpg 573 60 652 310 0 476 49 605 326 0 355 54 495 354 0 251 82 368 344 0
../data/voc_data/images/img145.jpg 435 49 465 90 0 440 54 498 214 0 397 45 452 215 0 282 63 327 172 0
../data/voc_data/images/img146.jpg 444 144 482 261 0 394 135 452 277 0 339 144 394 284 0 296 142 335 261 0
../data/voc_data/images/img147.jpg 300 62 329 142 0 164 58 211 136 0
../data/voc_data/images/img148.jpg 377 78 400 161 0 362 88 390 158 0 334 78 359 146 0 270 105 297 163 0
../data/voc_data/images/img149.jpg 331 129 377 253 0 196 121 263 318 0
../data/voc_data/images/img150.jpg 283 49 392 300 0 158 70 254 316 0 61 67 179 305 0 18 143 45 220 0
../data/voc_data/images/img152.jpg 470 109 489 155 0 435 121 454 170 0 400 125 422 177 0 394 163 409 207 0
../data/voc_data/images/img153.jpg 390 111 450 293 0 313 110 384 296 0 274 113 314 226 0 150 119 187 189 0
../data/voc_data/images/img154.jpg 322 166 380 313 0 256 158 327 311 0
../data/voc_data/images/img155.jpg 190 58 268 250 0 97 38 187 249 0
../data/voc_data/images/img156.jpg 404 71 450 259 0 351 84 446 274 0 327 92 378 239 0 174 69 244 217 0
../data/voc_data/images/img157.jpg 44 221 102 324 0 109 210 159 311 0 154 203 191 314 0 243 201 272 264 0
../data/voc_data/images/img158.jpg 177 79 210 145 0 100 82 136 141 0 56 80 85 139 0
../data/voc_data/images/img159.jpg 248 68 299 199 0 324 71 353 138 0 198 74 240 178 0 107 77 158 173 0
../data/voc_data/images/img160.jpg 470 123 556 330 0 342 149 435 381 0 244 146 344 351 0 173 140 273 330 0
../data/voc_data/images/img161.jpg 66 170 110 290 0 217 188 281 334 0 264 175 327 352 0 506 190 540 283 0
../data/voc_data/images/img162.jpg 46 371 96 482 0 4 358 34 419 0 209 373 269 516 0 309 374 333 444 0
../data/voc_data/images/img166.jpg 174 229 324 375 0 5 145 250 500 0 19 6 323 500 0
../data/voc_data/images/img167.jpg 219 107 273 187 0 465 273 483 324 0 436 279 456 327 0
../data/voc_data/images/img168.jpg 334 1 436 373 0 196 80 309 326 0 279 53 334 267 0
../data/voc_data/images/img169.jpg 110 210 328 500 0 72 272 115 356 0 125 274 171 353 0
../data/voc_data/images/img171.jpg 63 78 265 375 0 257 75 448 375 0 362 130 446 261 0 472 157 500 343 0
../data/voc_data/images/img172.jpg 22 70 254 327 0 338 12 500 199 0
../data/voc_data/images/img173.jpg 33 33 307 255 0 140 209 416 333 0
../data/voc_data/images/img174.jpg 2 144 176 500 0 140 109 330 500 0
../data/voc_data/images/img176.jpg 202 71 295 215 0 170 107 239 206 0
../data/voc_data/images/img177.jpg 2 6 104 146 0 230 25 320 138 0 78 15 478 375 0
../data/voc_data/images/img178.jpg 458 136 495 175 0 47 135 78 164 0 37 140 51 167 0 10 137 37 172 0
../data/voc_data/images/img180.jpg 356 235 376 287 0 387 204 414 291 0 152 207 174 252 0 99 203 117 244 0
../data/voc_data/images/img181.jpg 133 360 142 390 0 122 355 135 392 0
../data/voc_data/images/img182.jpg 151 52 265 209 0 1 173 98 334 0
../data/voc_data/images/img183.jpg 2 100 134 333 0 162 64 281 194 0 351 3 438 304 0 340 8 500 331 0
../data/voc_data/images/img184.jpg 89 7 137 89 0 114 120 171 208 0 221 250 299 359 0
../data/voc_data/images/img185.jpg 324 170 354 285 0 243 180 292 227 0 2 170 22 266 0 26 178 47 230 0
../data/voc_data/images/img186.jpg 1 1 102 216 0 80 2 203 120 0 380 4 500 210 0 210 3 351 92 0
../data/voc_data/images/img187.jpg 259 159 410 287 0 121 154 304 369 0 17 129 277 375 0 1 243 189 375 0
../data/voc_data/images/img191.jpg 29 181 147 499 0 307 222 333 428 0 301 252 310 281 0 293 249 301 272 0
../data/voc_data/images/img193.jpg 301 378 315 412 0 264 378 273 396 0 255 378 266 395 0 89 349 189 500 0
../data/voc_data/images/img194.jpg 2 82 198 332 0 139 141 206 195 0 243 103 288 170 0 282 100 341 195 0
../data/voc_data/images/img198.jpg 1 138 33 206 0 29 166 82 238 0
../data/voc_data/images/img199.jpg 348 153 374 189 0 159 153 175 193 0
../data/voc_data/images/img200.jpg 114 51 273 374 0 146 143 247 395 0
../data/voc_data/images/img204.jpg 131 233 231 333 0 109 179 240 333 0 16 184 134 332 0 257 29 353 135 0
../data/voc_data/images/img205.jpg 338 189 357 232 0 43 169 62 231 0
../data/voc_data/images/img206.jpg 298 190 373 359 0 215 199 302 367 0 75 186 213 365 0
../data/voc_data/images/img207.jpg 333 110 456 421 0 82 14 191 301 0
../data/voc_data/images/img208.jpg 94 218 226 375 0 189 11 500 375 0
../data/voc_data/images/img209.jpg 421 65 500 129 0 413 128 500 375 0 7 1 303 374 0
../data/voc_data/images/img210.jpg 13 20 65 192 0 140 33 175 133 0 171 40 200 116 0 479 49 500 76 0
../data/voc_data/images/img211.jpg 269 176 366 399 0 226 178 319 365 0
../data/voc_data/images/img212.jpg 160 118 290 337 0 62 45 83 69 0 86 45 112 69 0 1 57 29 88 0
../data/voc_data/images/img213.jpg 270 122 352 374 0 167 103 277 375 0 54 163 90 240 0 118 146 135 162 0
../data/voc_data/images/img214.jpg 51 195 324 500 0 2 133 112 500 0 284 99 375 500 0
../data/voc_data/images/img215.jpg 2 110 214 372 0 208 184 302 373 0 301 90 472 358 0 362 174 500 375 0
../data/voc_data/images/img217.jpg 137 78 497 375 0 89 202 129 247 0 72 209 111 259 0
../data/voc_data/images/img218.jpg 213 102 281 324 0 266 111 322 265 0 307 128 334 181 0
../data/voc_data/images/img220.jpg 96 89 429 277 0 231 91 500 375 0 1 92 120 375 0
../data/voc_data/images/img221.jpg 115 73 201 228 0 181 90 270 221 0 203 149 315 263 0 90 158 210 266 0
../data/voc_data/images/img223.jpg 2 125 175 497 0 138 6 329 500 0
../data/voc_data/images/img228.jpg 16 189 66 348 0 271 224 306 318 0
../data/voc_data/images/img229.jpg 139 149 270 344 0 68 288 128 375 0 1 209 73 375 0 293 171 469 375 0
../data/voc_data/images/img231.jpg 51 80 122 266 0 367 92 461 315 0
../data/voc_data/images/img233.jpg 324 96 380 231 0 97 142 139 219 0
../data/voc_data/images/img235.jpg 416 61 480 193 0 295 143 340 196 0 210 118 306 208 0 129 94 199 209 0
../data/voc_data/images/img236.jpg 404 72 455 152 0 295 81 362 186 0 208 80 288 211 0 184 79 245 199 0
../data/voc_data/images/img237.jpg 100 77 184 281 0 130 74 250 319 0 252 191 339 284 0 245 121 500 333 0
../data/voc_data/images/img238.jpg 28 61 158 341 0 138 83 221 341 0 210 71 306 341 0 295 36 400 341 0
../data/voc_data/images/img239.jpg 187 49 295 231 0 293 91 350 220 0 284 192 397 284 0 117 154 164 219 0
../data/voc_data/images/img240.jpg 384 160 426 238 0 359 143 401 211 0 232 156 286 254 0 154 163 222 261 0
../data/voc_data/images/img241.jpg 255 232 294 287 0 199 218 238 263 0 1 399 49 478 0 25 362 64 422 0
../data/voc_data/images/img243.jpg 174 114 275 286 0 238 100 259 129 0 75 68 98 122 0 101 75 135 123 0
../data/voc_data/images/img244.jpg 317 66 343 101 0 341 75 360 105 0 390 61 407 87 0 387 68 422 134 0
../data/voc_data/images/img245.jpg 214 156 231 186 0 149 196 189 297 0
../data/voc_data/images/img246.jpg 161 112 251 375 0 250 157 339 375 0
../data/voc_data/images/img248.jpg 486 151 500 238 0 296 176 382 322 0 33 153 88 333 0
../data/voc_data/images/img249.jpg 102 10 141 68 0 157 20 176 73 0 61 15 100 122 0 186 36 293 133 0
../data/voc_data/images/img250.jpg 321 138 367 194 0 272 138 324 269 0 264 147 291 266 0 219 153 266 281 0
../data/voc_data/images/img251.jpg 101 245 121 284 0 175 284 196 312 0
../data/voc_data/images/img252.jpg 244 154 264 241 0 315 133 337 215 0 367 109 388 169 0 415 164 460 270 0
../data/voc_data/images/img253.jpg 494 202 500 259 0 400 206 464 351 0 318 198 365 326 0 75 188 92 243 0
../data/voc_data/images/img254.jpg 333 356 358 438 0 319 357 341 424 0 354 363 375 414 0
../data/voc_data/images/img256.jpg 145 118 196 258 0 357 175 392 245 0
../data/voc_data/images/img257.jpg 207 105 254 194 0 272 105 342 177 0 341 120 380 184 0 355 127 407 212 0
../data/voc_data/images/img258.jpg 180 71 365 298 0 153 82 224 287 0
../data/voc_data/images/img259.jpg 8 3 482 331 0 398 14 500 186 0 12 30 110 132 0
../data/voc_data/images/img260.jpg 91 107 169 371 0 157 114 211 370 0 188 96 260 363 0 236 88 292 361 0
../data/voc_data/images/img263.jpg 263 179 417 351 0 303 110 427 241 0 266 103 365 257 0 274 96 348 206 0
../data/voc_data/images/img264.jpg 71 192 104 293 0 145 195 169 284 0 119 205 134 248 0 105 206 119 247 0
../data/voc_data/images/img267.jpg 20 27 183 500 0 112 2 249 500 0 246 233 376 490 0
../data/voc_data/images/img268.jpg 119 110 156 245 0 4 116 22 165 0 66 118 80 149 0
../data/voc_data/images/img271.jpg 185 81 445 355 0 128 85 224 190 0
../data/voc_data/images/img272.jpg 216 188 264 259 0 327 120 353 148 0
../data/voc_data/images/img275.jpg 204 22 362 139 0 51 11 201 154 0 100 108 284 332 0 226 110 407 333 0
../data/voc_data/images/img276.jpg 224 2 500 375 0 2 5 335 375 0
../data/voc_data/images/img277.jpg 98 168 190 364 0 3 143 74 404 0
../data/voc_data/images/img278.jpg 66 308 126 498 0 43 322 57 359 0 57 323 66 359 0 67 321 76 357 0
../data/voc_data/images/img279.jpg 208 35 460 333 0 5 34 234 334 0 6 114 55 177 0 1 104 112 300 0
../data/voc_data/images/img281.jpg 1 51 183 375 0 199 40 401 375 0
../data/voc_data/images/img283.jpg 296 64 423 333 0 210 56 323 341 0 1 6 89 170 0
../data/voc_data/images/img286.jpg 16 114 237 366 0 255 1 475 373 0 358 63 500 375 0
../data/voc_data/images/img287.jpg 156 93 186 128 0 129 93 160 128 0 111 117 138 129 0 18 11 101 154 0
../data/voc_data/images/img288.jpg 223 170 260 214 0 385 194 429 352 0
../data/voc_data/images/img289.jpg 61 18 301 343 0 72 123 331 375 0 256 95 493 375 0
../data/voc_data/images/img290.jpg 106 207 140 256 0 238 189 270 261 0 203 213 233 270 0
../data/voc_data/images/img291.jpg 304 1 405 125 0 25 1 108 143 0 1 1 33 180 0 174 1 218 65 0
../data/voc_data/images/img292.jpg 241 40 397 334 0 30 64 238 333 0
../data/voc_data/images/img294.jpg 375 85 408 143 0 353 82 373 136 0 338 90 358 114 0 200 56 237 128 0
../data/voc_data/images/img297.jpg 150 140 252 375 0 92 111 331 374 0
../data/voc_data/images/img299.jpg 399 85 500 375 0 49 139 152 344 0
../data/voc_data/images/img300.jpg 95 2 368 332 0 3 26 95 330 0
../data/voc_data/images/img301.jpg 2 47 157 255 0 192 71 398 267 0 114 46 188 216 0 183 33 264 210 0
../data/voc_data/images/img302.jpg 50 90 166 287 0 180 152 290 252 0 115 54 143 91 0
../data/voc_data/images/img303.jpg 360 101 436 194 0 302 103 357 190 0 219 100 288 178 0
../data/voc_data/images/img304.jpg 209 149 262 275 0 257 149 296 280 0 282 165 375 331 0 57 179 122 330 0
../data/voc_data/images/img306.jpg 300 76 333 233 0 185 72 294 476 0
../data/voc_data/images/img308.jpg 46 241 70 314 0 1 239 25 315 0 76 233 104 295 0
../data/voc_data/images/img309.jpg 224 199 265 277 0 284 198 316 298 0
../data/voc_data/images/img310.jpg 69 141 100 230 0 99 135 131 228 0 187 129 234 279 0 235 118 275 246 0
../data/voc_data/images/img312.jpg 133 15 333 412 0 42 29 205 280 0 293 1 333 133 0
../data/voc_data/images/img314.jpg 141 336 167 416 0 188 360 204 407 0 211 369 225 404 0
../data/voc_data/images/img315.jpg 428 154 442 177 0 441 150 455 172 0 454 153 470 173 0 224 152 235 176 0
../data/voc_data/images/img317.jpg 149 8 358 256 0 1 1 54 91 0
../data/voc_data/images/img318.jpg 149 247 209 409 0 8 231 156 500 0
../data/voc_data/images/img320.jpg 132 121 281 375 0 250 122 373 375 0 134 173 148 213 0 114 182 140 213 0
../data/voc_data/images/img321.jpg 64 106 209 500 0 183 88 331 500 0
../data/voc_data/images/img323.jpg 200 56 302 217 0 461 107 482 160 0 29 99 47 141 0
../data/voc_data/images/img324.jpg 2 195 48 375 0 145 146 235 375 0 73 170 163 375 0 200 162 306 375 0
../data/voc_data/images/img326.jpg 380 39 496 208 0 229 54 351 238 0 89 108 206 282 0 167 3 290 141 0
../data/voc_data/images/img328.jpg 189 71 286 354 0 373 105 478 347 0 37 119 125 340 0
../data/voc_data/images/img329.jpg 482 70 500 174 0 422 75 436 110 0 384 71 402 107 0 351 77 362 89 0
../data/voc_data/images/img330.jpg 295 8 368 126 0 418 29 500 231 0 411 16 447 68 0 387 49 422 96 0
../data/voc_data/images/img331.jpg 99 134 193 292 0 295 65 358 314 0 254 179 498 375 0 3 232 28 367 0
../data/voc_data/images/img332.jpg 275 219 299 269 0 370 221 392 290 0 392 224 418 280 0 415 214 450 322 0
../data/voc_data/images/img333.jpg 1 56 286 329 0 283 15 500 328 0
../data/voc_data/images/img334.jpg 1 77 101 375 0 59 182 235 375 0 269 75 393 309 0 408 158 500 327 0
../data/voc_data/images/img338.jpg 215 96 241 170 0 243 100 264 115 0
../data/voc_data/images/img339.jpg 2 232 18 290 0 27 236 51 289 0 56 237 76 289 0 330 227 350 282 0
../data/voc_data/images/img340.jpg 3 17 139 500 0 134 163 333 476 0 209 167 332 390 0 175 112 264 210 0
../data/voc_data/images/img341.jpg 312 45 412 282 0 70 16 232 375 0
../data/voc_data/images/img345.jpg 66 2 196 166 0 2 2 137 183 0
../data/voc_data/images/img346.jpg 59 200 145 420 0 84 132 253 410 0
../data/voc_data/images/img347.jpg 255 128 303 205 0 213 127 247 206 0
../data/voc_data/images/img348.jpg 129 78 176 145 0 172 88 218 138 0
../data/voc_data/images/img349.jpg 476 129 486 153 0 309 132 316 153 0 276 136 287 154 0 143 135 153 154 0
../data/voc_data/images/img350.jpg 388 96 420 160 0 373 96 390 120 0 224 119 334 330 0
../data/voc_data/images/img356.jpg 138 136 192 299 0 188 212 246 301 0 232 128 278 285 0 272 149 311 280 0
../data/voc_data/images/img357.jpg 331 7 445 331 0 125 164 206 331 0
../data/voc_data/images/img358.jpg 444 234 465 374 0 156 128 205 166 0
../data/voc_data/images/img359.jpg 89 54 193 350 0 271 57 376 364 0
../data/voc_data/images/img360.jpg 367 132 426 287 0 1 1 202 333 0
../data/voc_data/images/img361.jpg 298 45 475 349 0 52 72 161 356 0 472 98 494 163 0 491 100 500 167 0
../data/voc_data/images/img362.jpg 5 142 175 374 0 116 136 202 242 0 220 133 316 206 0 298 138 394 246 0
../data/voc_data/images/img363.jpg 206 185 308 370 0 299 169 500 375 0 1 285 54 375 0
../data/voc_data/images/img364.jpg 2 118 181 373 0 142 111 293 375 0 274 105 500 374 0
../data/voc_data/images/img367.jpg 206 43 344 226 0 333 73 361 198 0
../data/voc_data/images/img369.jpg 1 155 107 377 0 196 118 272 344 0 257 129 343 348 0 269 255 375 423 0
../data/voc_data/images/img370.jpg 68 189 171 333 0 175 12 496 333 0 1 88 67 189 0 227 245 311 308 0
../data/voc_data/images/img373.jpg 425 27 489 212 0 404 18 442 63 0 380 38 433 212 0 351 25 380 71 0
../data/voc_data/images/img374.jpg 196 50 291 310 0 125 40 196 333 0
../data/voc_data/images/img375.jpg 253 62 322 317 0 368 67 417 218 0 422 85 489 332 0 1 76 57 312 0
../data/voc_data/images/img377.jpg 304 71 500 350 0 198 104 330 375 0 102 104 251 375 0 75 107 227 375 0
../data/voc_data/images/img378.jpg 4 2 139 366 0 117 4 187 174 0 411 5 500 302 0 398 2 465 149 0
../data/voc_data/images/img379.jpg 253 209 280 295 0 227 221 257 293 0 227 185 256 301 0
../data/voc_data/images/img380.jpg 113 189 173 272 0 95 196 110 221 0
../data/voc_data/images/img381.jpg 397 1 479 127 0 328 1 413 122 0 226 1 327 117 0 168 3 236 104 0
../data/voc_data/images/img383.jpg 20 20 97 213 0 430 170 489 229 0
../data/voc_data/images/img385.jpg 123 82 176 242 0 297 190 350 285 0 327 95 375 209 0 348 89 437 239 0
../data/voc_data/images/img386.jpg 414 1 473 205 0 1 1 34 197 0 68 29 429 375 0
../data/voc_data/images/img387.jpg 260 279 293 320 0 285 281 294 298 0 315 282 337 330 0 337 270 375 388 0
../data/voc_data/images/img388.jpg 88 27 291 390 0 1 55 246 500 0
../data/voc_data/images/img389.jpg 401 59 469 165 0 309 68 383 168 0 263 69 323 158 0 122 71 212 205 0
../data/voc_data/images/img390.jpg 43 284 132 367 0 2 274 140 500 0 126 259 138 305 0 98 251 115 326 0
../data/voc_data/images/img391.jpg 427 116 468 234 0 465 90 489 162 0 415 91 443 173 0
../data/voc_data/images/img393.jpg 171 12 208 68 0 341 2 385 73 0
../data/voc_data/images/img396.jpg 202 10 323 157 0 1 88 119 373 0 1 89 234 375 0 132 152 388 375 0
../data/voc_data/images/img397.jpg 363 155 406 213 0 346 169 383 212 0 474 177 500 215 0 202 138 221 234 0
../data/voc_data/images/img399.jpg 150 132 261 333 0 91 118 151 269 0 47 111 120 288 0 14 100 60 277 0
../data/voc_data/images/img400.jpg 393 167 455 240 0 254 167 284 246 0 105 181 125 261 0 143 168 167 212 0
../data/voc_data/images/img401.jpg 147 88 227 163 0 254 84 361 184 0 295 91 411 216 0 389 106 492 276 0
../data/voc_data/images/img402.jpg 191 320 231 426 0 234 324 277 425 0
../data/voc_data/images/img405.jpg 195 334 338 500 0 56 293 237 500 0
../data/voc_data/images/img410.jpg 304 78 481 131 0 6 34 235 122 0
../data/voc_data/images/img413.jpg 462 2 500 111 0 408 13 436 104 0 316 7 344 59 0 64 26 97 125 0
../data/voc_data/images/img417.jpg 455 54 500 110 0 233 180 275 252 0
../data/voc_data/images/img419.jpg 72 116 134 201 0 205 76 254 203 0 281 104 318 204 0 370 156 383 203 0
../data/voc_data/images/img421.jpg 207 92 291 268 0 100 104 177 160 0
../data/voc_data/images/img422.jpg 255 37 319 119 0 211 298 235 341 0 210 37 327 374 0 328 80 392 159 0
../data/voc_data/images/img423.jpg 45 134 120 340 0 1 153 33 351 0 106 131 167 273 0 119 127 224 375 0
../data/voc_data/images/img426.jpg 133 226 150 294 0 149 211 172 283 0
../data/voc_data/images/img427.jpg 387 157 412 199 0 332 137 385 263 0 316 145 351 247 0 220 113 280 287 0
../data/voc_data/images/img428.jpg 155 65 256 332 0 85 36 164 368 0 30 2 143 375 0 6 117 31 153 0
../data/voc_data/images/img431.jpg 139 58 259 415 0 55 138 76 185 0
../data/voc_data/images/img432.jpg 252 168 302 208 0 228 166 252 196 0
../data/voc_data/images/img433.jpg 157 57 357 375 0 22 4 420 375 0
../data/voc_data/images/img435.jpg 114 174 164 307 0 231 174 280 302 0 298 179 342 301 0 367 179 403 294 0
../data/voc_data/images/img436.jpg 312 31 500 293 0 130 46 293 216 0 277 21 298 56 0 125 23 163 62 0
../data/voc_data/images/img437.jpg 84 53 295 315 0 242 83 401 263 0 18 48 137 175 0 102 68 148 119 0
../data/voc_data/images/img438.jpg 220 72 467 367 0 2 105 124 375 0
../data/voc_data/images/img442.jpg 13 305 61 380 0 2 344 57 440 0 57 319 113 399 0 61 323 119 436 0
../data/voc_data/images/img443.jpg 357 214 375 311 0 321 215 354 317 0 266 225 295 346 0
../data/voc_data/images/img446.jpg 275 119 422 315 0 245 143 298 237 0 109 92 271 333 0 2 102 178 331 0
../data/voc_data/images/img447.jpg 341 79 424 283 0 290 132 344 262 0 111 61 186 245 0 10 75 61 140 0
../data/voc_data/images/img448.jpg 345 127 370 192 0 208 127 264 328 0 244 120 295 303 0
../data/voc_data/images/img449.jpg 54 210 82 277 0 29 215 39 249 0 16 211 31 250 0
../data/voc_data/images/img450.jpg 256 157 291 203 0 225 185 281 259 0 303 162 375 352 0 75 107 335 500 0
../data/voc_data/images/img453.jpg 192 39 384 211 0 225 55 302 167 0 153 61 218 177 0 93 36 467 333 0
../data/voc_data/images/img455.jpg 390 1 434 115 0 355 2 390 49 0 295 3 320 35 0 26 1 77 105 0
../data/voc_data/images/img459.jpg 381 121 448 208 0 415 92 500 340 0 366 66 432 180 0 329 66 382 181 0
../data/voc_data/images/img461.jpg 221 168 278 371 0 167 192 224 375 0 150 159 206 374 0 26 121 76 272 0
../data/voc_data/images/img462.jpg 268 138 361 377 0 43 193 207 373 0 137 161 196 222 0
../data/voc_data/images/img464.jpg 114 12 309 265 0 222 54 479 333 0
../data/voc_data/images/img465.jpg 28 4 165 249 0 177 11 291 249 0
../data/voc_data/images/img466.jpg 61 50 275 376 0 261 284 333 406 0 1 275 97 402 0 3 44 333 500 0
../data/voc_data/images/img467.jpg 234 181 275 322 0 189 181 231 325 0 106 182 151 346 0 18 189 54 344 0
../data/voc_data/images/img469.jpg 454 190 465 210 0 461 189 474 209 0
../data/voc_data/images/img470.jpg 404 4 500 375 0 425 1 464 125 0 296 1 317 78 0 317 1 360 72 0
../data/voc_data/images/img471.jpg 71 35 108 65 0 32 31 50 105 0 4 31 27 105 0 15 29 33 105 0
../data/voc_data/images/img473.jpg 11 94 429 376 0 9 50 272 327 0
../data/voc_data/images/img474.jpg 332 3 351 51 0 297 5 318 50 0 250 16 277 54 0 122 22 146 73 0
../data/voc_data/images/img480.jpg 1 37 277 357 0 278 56 453 356 0
../data/voc_data/images/img482.jpg 43 283 269 500 0 113 2 375 500 0
../data/voc_data/images/img483.jpg 100 138 139 238 0 286 140 323 238 0 429 132 467 238 0
../data/voc_data/images/img484.jpg 183 152 308 455 0 3 28 202 464 0 156 111 268 261 0
../data/voc_data/images/img486.jpg 310 173 363 299 0 312 146 405 316 0 235 161 284 280 0 256 139 302 299 0
../data/voc_data/images/img488.jpg 1 87 195 375 0 259 93 452 375 0
../data/voc_data/images/img490.jpg 176 54 287 449 0 317 92 327 177 0 273 104 296 152 0 1 335 44 500 0
../data/voc_data/images/img492.jpg 33 106 64 190 0 63 111 78 153 0
../data/voc_data/images/img493.jpg 215 160 337 375 0 328 140 499 375 0 349 224 496 375 0 28 84 312 375 0
../data/voc_data/images/img497.jpg 120 42 274 290 0 104 1 282 305 0
../data/voc_data/images/img499.jpg 351 1 396 67 0 455 8 500 223 0 1 11 90 163 0 104 1 199 166 0
../data/voc_data/images/img500.jpg 99 40 197 283 0 181 66 272 294 0
../data/voc_data/images/img502.jpg 426 117 471 220 0 370 121 402 174 0 327 117 344 160 0 273 124 291 163 0
../data/voc_data/images/img503.jpg 276 128 420 327 0 179 134 257 355 0 222 146 323 357 0
../data/voc_data/images/img504.jpg 43 322 89 453 0 130 337 170 442 0 361 271 375 372 0 343 270 364 366 0
../data/voc_data/images/img505.jpg 1 97 247 375 0 206 51 476 375 0
../data/voc_data/images/img506.jpg 266 50 471 356 0 206 15 329 236 0 14 53 170 356 0 187 2 275 110 0
../data/voc_data/images/img507.jpg 135 150 210 337 0 182 122 240 264 0
../data/voc_data/images/img510.jpg 23 64 206 323 0 218 105 415 313 0
../data/voc_data/images/img512.jpg 405 156 500 333 0 344 146 427 277 0 311 150 369 241 0 274 150 323 230 0
../data/voc_data/images/img514.jpg 109 142 281 375 0 254 150 360 256 0
../data/voc_data/images/img515.jpg 92 275 132 376 0 27 284 65 423 0 1 284 29 412 0 177 274 224 398 0
../data/voc_data/images/img516.jpg 345 158 402 284 0 240 141 307 301 0 185 156 242 301 0
../data/voc_data/images/img520.jpg 269 100 365 457 0 95 93 208 494 0
../data/voc_data/images/img521.jpg 233 162 500 375 0 121 124 271 251 0
../data/voc_data/images/img522.jpg 1 54 500 375 0 249 131 499 375 0
../data/voc_data/images/img524.jpg 271 251 290 287 0 462 223 498 305 0 474 255 500 347 0 356 246 383 300 0
../data/voc_data/images/img525.jpg 169 167 295 363 0 254 137 325 227 0
../data/voc_data/images/img526.jpg 12 169 166 375 0 44 79 407 357 0
../data/voc_data/images/img527.jpg 226 188 296 291 0 231 223 270 268 0
../data/voc_data/images/img530.jpg 111 263 122 301 0 120 263 134 307 0 337 255 352 291 0 284 259 298 281 0
../data/voc_data/images/img531.jpg 43 54 221 375 0 185 100 433 353 0 446 36 500 206 0
../data/voc_data/images/img533.jpg 158 130 188 168 0 183 108 206 136 0 144 107 167 132 0 87 126 122 150 0
../data/voc_data/images/img534.jpg 410 139 500 369 0 328 135 435 375 0 243 299 301 375 0 202 164 302 375 0
../data/voc_data/images/img535.jpg 333 1 500 332 0 1 1 223 334 0
../data/voc_data/images/img536.jpg 443 35 500 325 0 387 58 455 149 0
../data/voc_data/images/img538.jpg 152 156 229 322 0 361 25 383 78 0
../data/voc_data/images/img541.jpg 143 82 219 375 0 304 88 390 375 0 217 94 317 375 0
../data/voc_data/images/img545.jpg 110 145 245 375 0 218 85 456 375 0
../data/voc_data/images/img547.jpg 385 96 465 360 0 344 127 450 360 0 226 229 347 360 0 305 92 379 196 0
../data/voc_data/images/img548.jpg 319 70 500 334 0 235 70 336 334 0 249 70 273 112 0
../data/voc_data/images/img550.jpg 31 237 43 259 0 45 240 55 278 0 69 239 81 263 0 86 235 97 260 0
../data/voc_data/images/img551.jpg 2 47 225 374 0 194 75 426 375 0 371 66 471 365 0
../data/voc_data/images/img556.jpg 263 161 323 316 0 186 146 236 303 0 228 127 247 199 0
../data/voc_data/images/img560.jpg 150 125 166 180 0 135 121 153 186 0 112 115 143 195 0 91 129 108 178 0
../data/voc_data/images/img562.jpg 271 1 421 81 0 36 1 179 107 0 422 1 500 162 0 463 173 500 251 0
../data/voc_data/images/img565.jpg 358 1 500 375 0 126 2 365 374 0 176 40 210 75 0 97 52 120 104 0
../data/voc_data/images/img566.jpg 489 230 500 276 0 377 235 390 255 0
../data/voc_data/images/img567.jpg 1 112 181 375 0 285 117 500 375 0
../data/voc_data/images/img568.jpg 65 43 353 375 0 210 54 487 372 0
../data/voc_data/images/img570.jpg 1 27 155 375 0 121 46 246 244 0 97 133 367 375 0 135 18 500 375 0
../data/voc_data/images/img572.jpg 373 1 500 298 0 92 66 177 238 0
../data/voc_data/images/img573.jpg 78 8 170 331 0 19 107 133 348 0 258 141 391 337 0
../data/voc_data/images/img574.jpg 388 194 419 339 0 415 192 447 338 0
../data/voc_data/images/img575.jpg 448 244 464 282 0 379 242 393 257 0 341 244 354 278 0 327 239 345 281 0
../data/voc_data/images/img576.jpg 1 62 236 340 0 219 90 373 287 0 344 146 500 299 0
../data/voc_data/images/img578.jpg 156 100 298 257 0 114 65 393 333 0 4 224 89 332 0 64 228 125 333 0
../data/voc_data/images/img579.jpg 40 56 324 331 0 378 216 440 331 0 420 188 500 331 0
../data/voc_data/images/img582.jpg 369 108 450 370 0 62 112 169 371 0 170 147 247 359 0 251 148 302 359 0
../data/voc_data/images/img584.jpg 250 61 500 369 0 17 70 215 314 0 1 180 45 350 0
../data/voc_data/images/img586.jpg 351 43 378 93 0 132 143 196 209 0 122 153 186 213 0
../data/voc_data/images/img587.jpg 33 27 210 411 0 256 55 317 228 0 2 40 47 171 0 22 66 64 197 0
../data/voc_data/images/img588.jpg 354 190 442 375 0 124 209 160 299 0 74 262 104 301 0 1 248 29 298 0
../data/voc_data/images/img589.jpg 11 11 333 500 0 43 273 374 497 0
../data/voc_data/images/img590.jpg 118 238 242 390 0 90 164 146 220 0 339 124 375 202 0 283 152 340 230 0
../data/voc_data/images/img591.jpg 217 67 397 290 0 229 141 287 277 0 127 252 235 291 0 62 124 164 349 0
../data/voc_data/images/img593.jpg 344 74 447 180 0 175 85 265 189 0 75 64 158 141 0 153 61 187 99 0
../data/voc_data/images/img594.jpg 111 124 295 375 0 303 188 429 355 0
../data/voc_data/images/img597.jpg 72 122 172 375 0 171 117 281 375 0 256 142 337 352 0 330 130 405 342 0
../data/voc_data/images/img600.jpg 54 153 198 375 0 158 88 341 374 0
../data/voc_data/images/img603.jpg 149 125 236 288 0 261 152 299 248 0 34 154 66 224 0
../data/voc_data/images/img604.jpg 249 195 328 345 0 153 173 250 375 0 118 166 184 224 0 45 169 119 307 0
../data/voc_data/images/img605.jpg 2 47 116 333 0 159 96 259 333 0 225 201 277 333 0 256 47 316 195 0
../data/voc_data/images/img607.jpg 145 48 328 500 0 66 5 182 356 0
../data/voc_data/images/img610.jpg 222 111 259 207 0 139 154 165 220 0 94 152 110 214 0 68 157 86 206 0
../data/voc_data/images/img611.jpg 35 168 270 495 0 43 2 333 458 0
../data/voc_data/images/img612.jpg 85 72 122 118 0 99 341 128 367 0 121 339 161 360 0 64 71 161 368 0
../data/voc_data/images/img613.jpg 288 99 460 368 0 36 50 115 271 0
../data/voc_data/images/img614.jpg 93 79 153 160 0 146 98 200 163 0 187 99 233 165 0 233 94 297 201 0
../data/voc_data/images/img615.jpg 150 18 438 330 0 3 82 176 367 0
../data/voc_data/images/img616.jpg 20 79 263 356 0 144 70 500 372 0 259 10 313 69 0 118 11 185 72 0
../data/voc_data/images/img618.jpg 74 123 173 238 0 154 132 274 236 0 358 219 478 368 0
../data/voc_data/images/img620.jpg 67 36 118 287 0 125 43 185 287 0 1 125 69 375 0 79 6 420 375 0
../data/voc_data/images/img621.jpg 43 126 192 334 0 150 94 321 334 0 246 60 418 334 0 321 21 500 322 0
../data/voc_data/images/img622.jpg 157 131 203 196 0 205 144 242 201 0
../data/voc_data/images/img623.jpg 50 14 252 422 0 417 40 495 335 0
../data/voc_data/images/img626.jpg 222 73 300 228 0 61 104 86 193 0 79 104 106 197 0 103 105 132 168 0
../data/voc_data/images/img632.jpg 100 231 199 375 0 378 237 398 288 0 153 163 167 206 0 220 172 233 208 0
../data/voc_data/images/img635.jpg 429 177 478 265 0 359 202 444 269 0 355 213 465 359 0 200 218 341 335 0
../data/voc_data/images/img636.jpg 71 43 286 485 0 114.0885 42.7732 196.9552 137.958 0 175.1187 202.9076 209.2732 242.1013 0 138.1646 241.5414 192.4759 289.6937 0
../data/voc_data/images/img637.jpg 77 112 139 372 0 117 147 165 373 0 163 127 220 175 0 164 137 239 374 0
../data/voc_data/images/img639.jpg 392 98 450 311 0 238 91 297 316 0 89 80 152 297 0
../data/voc_data/images/img640.jpg 1 141 179 375 0 33 59 188 227 0 144 57 245 270 0 171 29 397 375 0
../data/voc_data/images/img642.jpg 320 69 370 171 0 128 81 161 122 0 159 77 188 118 0 97 80 125 128 0
../data/voc_data/images/img643.jpg 15 26 287 284 0 257 7 500 337 0
../data/voc_data/images/img644.jpg 134 216 150 270 0 47 221 63 257 0 337 211 346 243 0 324 207 335 241 0
../data/voc_data/images/img645.jpg 258 68 339 300 0 111 139 284 336 0
../data/voc_data/images/img648.jpg 146 152 221 259 0 170 137 184 157 0
../data/voc_data/images/img649.jpg 1 135 319 320 0 227 133 500 349 0
../data/voc_data/images/img650.jpg 242 64 421 314 0 37 51 239 375 0
../data/voc_data/images/img651.jpg 281 2 404 341 0 107 135 249 375 0
../data/voc_data/images/img652.jpg 186 59 475 375 0 136 123 307 330 0
../data/voc_data/images/img656.jpg 26 14 147 330 0 119 85 215 318 0 189 94 284 315 0 275 92 355 298 0
../data/voc_data/images/img659.jpg 21 1 500 333 0 14 20 250 333 0
../data/voc_data/images/img660.jpg 27 115 158 323 0 91 110 273 372 0 230 133 426 375 0 260 93 447 374 0
../data/voc_data/images/img661.jpg 17 12 136 331 0 114 9 233 331 0 212 2 347 331 0
../data/voc_data/images/img663.jpg 200 14 253 131 0 109 59 171 162 0 43 35 132 234 0 408 40 436 114 0
../data/voc_data/images/img664.jpg 114 97 166 276 0 217 130 430 286 0 371 164 464 286 0 464 120 493 260 0
../data/voc_data/images/img665.jpg 32 123 50 163 0 19 125 37 164 0 79 107 100 128 0
../data/voc_data/images/img667.jpg 331 94 497 320 0 203 119 344 373 0 1 77 262 374 0
../data/voc_data/images/img671.jpg 151 97 245 375 0 216 128 346 375 0 327 181 415 375 0 405 148 500 375 0
../data/voc_data/images/img673.jpg 390 114 494 319 0 317 141 387 242 0 1 160 140 375 0 1 129 47 238 0
../data/voc_data/images/img675.jpg 270 161 316 285 0 222 165 261 229 0 1 232 53 332 0
../data/voc_data/images/img676.jpg 103 2 215 117 0 369 1 500 332 0
../data/voc_data/images/img677.jpg 196 26 317 337 0 146 1 360 297 0 1 69 80 155 0
../data/voc_data/images/img678.jpg 208 104 365 330 0 31 181 79 227 0 1 176 18 235 0
../data/voc_data/images/img679.jpg 71 100 259 326 0 236 102 436 316 0
../data/voc_data/images/img680.jpg 1 79 43 181 0 201 82 233 129 0 171 84 189 132 0 26 89 49 111 0
../data/voc_data/images/img681.jpg 58 206 118 375 0 417 206 500 375 0
../data/voc_data/images/img682.jpg 259 76 337 342 0 36 84 149 332 0
../data/voc_data/images/img683.jpg 1 200 35 321 0 16 183 58 281 0
../data/voc_data/images/img686.jpg 339 65 369 117 0 472 95 500 146 0 79 85 119 130 0 100 92 111 106 0
../data/voc_data/images/img687.jpg 322 77 410 340 0 117 1 346 375 0
../data/voc_data/images/img689.jpg 89 266 134 365 0 40 272 92 405 0 41 252 89 383 0
../data/voc_data/images/img691.jpg 294 22 500 333 0 161 1 389 269 0 1 1 114 182 0
../data/voc_data/images/img693.jpg 195 18 335 500 0 34 72 222 500 0
../data/voc_data/images/img694.jpg 229 183 286 270 0 153 180 213 279 0 100 186 154 245 0 61 195 138 296 0
../data/voc_data/images/img695.jpg 7 55 38 134 0 54 56 114 264 0 112 63 138 118 0
../data/voc_data/images/img696.jpg 109 187 120 206 0 102 193 114 210 0
../data/voc_data/images/img700.jpg 60 96 178 375 0 160 135 274 375 0 323 123 421 375 0 446 92 500 375 0
../data/voc_data/images/img702.jpg 2 24 265 375 0 305 30 498 375 0 274 1 321 69 0
../data/voc_data/images/img703.jpg 178 4 287 318 0 459 181 480 292 0
../data/voc_data/images/img704.jpg 42 7 106 232 0 8 227 229 373 0 210 224 458 368 0 411 143 500 340 0
../data/voc_data/images/img705.jpg 289 166 305 207 0 18 111 112 440 0
../data/voc_data/images/img706.jpg 4 79 93 325 0 61 103 160 252 0 192 71 302 209 0 256 64 360 202 0
../data/voc_data/images/img708.jpg 28 162 43 200 0 51 165 64 198 0 67 163 78 198 0 82 166 93 203 0
../data/voc_data/images/img709.jpg 3 54 170 333 0 85 47 302 333 0 267 34 500 333 0
../data/voc_data/images/img711.jpg 81 85 231 333 0 216 103 341 333 0
../data/voc_data/images/img714.jpg 2 123 32 375 0 270 78 486 375 0 61 80 242 372 0 108 25 139 52 0
../data/voc_data/images/img715.jpg 175 115 328 348 0 200 44 330 212 0 308 43 377 225 0 178 45 205 164 0
../data/voc_data/images/img716.jpg 394 37 500 341 0 135 60 156 91 0 87 59 103 78 0 212 40 264 88 0
../data/voc_data/images/img720.jpg 42 152 134 316 0 129 160 179 241 0 158 153 201 211 0 224 149 292 201 0
../data/voc_data/images/img723.jpg 294 108 500 375 0 132 138 330 375 0 1 36 271 375 0
../data/voc_data/images/img724.jpg 1 42 235 332 0 198 2 500 333 0
../data/voc_data/images/img726.jpg 178 29 303 235 0 272 145 407 299 0
../data/voc_data/images/img727.jpg 383 9 443 124 0 351 2 397 143 0 311 8 358 123 0 293 124 349 321 0
../data/voc_data/images/img728.jpg 159 99 222 154 0 226 99 279 157 0 279 115 336 156 0 198 127 247 156 0
../data/voc_data/images/img729.jpg 386 28 500 114 0 100 22 500 375 0
../data/voc_data/images/img730.jpg 137 76 220 205 0 288 121 351 171 0 351 97 422 209 0
../data/voc_data/images/img731.jpg 390 163 423 220 0 429 174 459 209 0
../data/voc_data/images/img732.jpg 312 29 428 174 0 114 8 287 188 0 15 2 171 198 0
../data/voc_data/images/img734.jpg 297 167 330 229 0 155 91 253 268 0
../data/voc_data/images/img739.jpg 71 37 251 465 0 111.8158 45.3824 184.3802 132.9972 0 127.4037 178.1484 167.1797 213.6243 0 177.3925 169.0106 201.0431 200.724 0
../data/voc_data/images/img740.jpg 111 93 194 281 0 70 121 139 222 0 377 91 479 239 0 426 49 500 361 0
../data/voc_data/images/img741.jpg 150 12 247 123 0 40 151 88 179 0 225 248 251 290 0 40 10 270 316 0
../data/voc_data/images/img743.jpg 40 277 119 420 0 32 214 127 379 0 235 338 274 500 0 242 230 289 295 0
../data/voc_data/images/img746.jpg 28 74 184 322 0 183 127 300 284 0 295 170 397 305 0 475 143 500 228 0
../data/voc_data/images/img749.jpg 247 4 341 339 0 380 28 500 330 0 54 26 273 362 0
../data/voc_data/images/img751.jpg 231 1 259 54 0 186 1 219 54 0 242 11 274 95 0 288 125 333 149 0
../data/voc_data/images/img753.jpg 38 2 219 231 0 233 66 453 311 0
../data/voc_data/images/img754.jpg 385 158 415 227 0 376 126 393 153 0 433 189 456 259 0 489 194 500 217 0
../data/voc_data/images/img755.jpg 48 18 249 359 0 88.196 24.6461 146.1467 98.1344 0 175.542 304.3214 248.6103 337.4961 0 206.617 340.0157 235.5924 357.6529 0
../data/voc_data/images/img756.jpg 157 63 364 272 0 383 24 406 121 0 407 12 445 120 0 251 20 292 79 0
../data/voc_data/images/img757.jpg 211 210 276 301 0 218 219 260 284 0 263 205 329 304 0
../data/voc_data/images/img758.jpg 7 327 60 448 0 183 213 322 461 0 134 325 185 398 0
../data/voc_data/images/img759.jpg 346 143 492 245 0 468 151 500 244 0 2 157 119 245 0 63 127 134 214 0
../data/voc_data/images/img760.jpg 68 143 157 373 0 224 186 277 309 0 237 181 334 375 0 330 188 369 375 0
../data/voc_data/images/img761.jpg 243 70 358 375 0 165 80 254 375 0
../data/voc_data/images/img762.jpg 25 92 260 342 0 151 95 212 201 0 261 60 332 204 0 72 401 157 500 0
../data/voc_data/images/img764.jpg 2 61 153 358 0 65 85 499 375 0 242 107 500 375 0 340 94 500 375 0
../data/voc_data/images/img765.jpg 208 100 342 407 0 114 94 161 216 0 8 87 58 214 0 155 100 189 130 0
../data/voc_data/images/img766.jpg 150 145 386 376 0 384 61 500 376 0 1 122 86 376 0
../data/voc_data/images/img767.jpg 394 1 500 331 0 278 2 422 332 0 131 62 330 332 0 90 2 308 332 0
../data/voc_data/images/img771.jpg 266 88 373 372 0 192 96 273 374 0 135 117 229 372 0
../data/voc_data/images/img774.jpg 101 198 186 327 0 275 250 323 316 0 318 256 385 333 0 376 221 480 302 0
../data/voc_data/images/img778.jpg 94 174 146 324 0 40 163 99 354 0 205 158 263 279 0
../data/voc_data/images/img779.jpg 205 92 294 373 0 291 110 422 307 0 398 8 500 164 0 54 39 263 375 0
../data/voc_data/images/img780.jpg 1 63 228 375 0 281 18 475 316 0 139 117 294 333 0
../data/voc_data/images/img785.jpg 98 64 139 173 0 168 73 235 179 0 265 67 305 197 0 354 98 443 233 0
../data/voc_data/images/img786.jpg 1 52 500 375 0 310 105 458 228 0
../data/voc_data/images/img787.jpg 192 40 331 464 0 228.8746 44.453 270.8679 109.9625 0 306.1422 263.3779 324.6193 298.6523 0 190.8007 270.6568 211.5174 299.2122 0
../data/voc_data/images/img789.jpg 164 54 227 195 0 303 55 327 116 0 372 88 387 133 0 466 96 483 131 0
../data/voc_data/images/img791.jpg 115 118 295 375 0 264 148 427 375 0
../data/voc_data/images/img794.jpg 143 9 274 146 0 2 310 66 363 0 7 359 79 434 0 2 2 331 499 0
../data/voc_data/images/img795.jpg 31 61 156 375 0 309 58 417 375 0 242 100 327 375 0 167 85 257 248 0
../data/voc_data/images/img796.jpg 3 128 294 415 0 139 16 333 262 0
../data/voc_data/images/img799.jpg 287 80 490 375 0 189 151 297 365 0 91 121 205 333 0 89 42 148 112 0
../data/voc_data/images/img801.jpg 1 20 242 332 0 194 11 460 332 0
../data/voc_data/images/img802.jpg 163 163 224 333 0 223 169 279 333 0 291 166 353 333 0
../data/voc_data/images/img806.jpg 187 198 227 268 0 116 190 137 230 0 99 191 116 234 0
../data/voc_data/images/img807.jpg 152 60 329 326 0 103 1 202 246 0 1 1 81 300 0 441 151 500 247 0
../data/voc_data/images/img809.jpg 291 103 419 239 0 364 104 457 290 0 375 130 500 334 0 51 101 215 334 0
../data/voc_data/images/img810.jpg 190 81 489 332 0 41 1 245 332 0
../data/voc_data/images/img812.jpg 250 115 479 332 0 51 81 185 332 0 31 30 94 142 0 152 66 272 198 0
../data/voc_data/images/img813.jpg 221 47 349 306 0 318 34 364 333 0 45 14 210 333 0
../data/voc_data/images/img814.jpg 200 374 250 374 0 34 374 56 374 0 16 371 29 374 0 2 374 12 374 0
../data/voc_data/images/img815.jpg 374 214 374 284 0 286 216 302 275 0 329 221 340 275 0 357 213 374 273 0
../data/voc_data/images/img816.jpg 69 336 110 374 0 103 334 149 374 0
../data/voc_data/images/img817.jpg 319 146 375 355 0 285 219 327 355 0 245 196 280 342 0 196 163 247 344 0
../data/voc_data/images/img820.jpg 157 72 249 245 0 229 36 380 239 0 85 81 249 375 0
../data/voc_data/images/img823.jpg 200 125 269 366 0 147 114 267 374 0 2 157 30 206 0
../data/voc_data/images/img824.jpg 136 11 256 374 0 371 156 500 373 0 1 1 116 148 0
../data/voc_data/images/img826.jpg 156 68 348 254 0 1 1 136 254 0
../data/voc_data/images/img827.jpg 365 72 448 216 0 304 72 379 215 0 202 76 308 213 0 133 67 230 205 0
../data/voc_data/images/img828.jpg 47 110 82 152 0 37 214 65 239 0 10 105 112 357 0 263 117 299 165 0
../data/voc_data/images/img829.jpg 38 116 88 244 0 454 110 473 146 0 434 115 458 151 0 405 117 427 155 0
../data/voc_data/images/img831.jpg 175 237 266 333 0 185 156 241 221 0 433 153 456 187 0 416 154 437 184 0
../data/voc_data/images/img835.jpg 189 99 206 135 0 204 91 224 137 0 191 150 209 189 0 206 145 230 189 0
../data/voc_data/images/img836.jpg 265 85 375 332 0 109 157 248 332 0 80 99 136 238 0
../data/voc_data/images/img837.jpg 1 56 271 333 0 243 76 489 333 0 443 136 498 193 0 404 140 443 183 0
../data/voc_data/images/img838.jpg 21 1 278 375 0 244 1 500 375 0
../data/voc_data/images/img839.jpg 1 128 133 331 0 104 82 283 313 0 181 64 424 331 0
../data/voc_data/images/img843.jpg 181 228 213 265 0 287 242 351 362 0 8 274 25 313 0
../data/voc_data/images/img844.jpg 468 85 500 249 0 178 74 308 294 0
../data/voc_data/images/img846.jpg 178 188 259 300 0 89 134 160 300 0 154 205 180 254 0 1 155 65 304 0
../data/voc_data/images/img851.jpg 66 45 259 375 0 247 48 496 375 0
../data/voc_data/images/img852.jpg 312 52 500 361 0 240 54 364 295 0 1 58 164 287 0 114 39 263 273 0
../data/voc_data/images/img853.jpg 277 198 336 352 0 357 209 429 330 0
../data/voc_data/images/img854.jpg 125 120 453 310 0 46 113 191 264 0
../data/voc_data/images/img855.jpg 187 102 282 298 0 232 192 341 323 0
../data/voc_data/images/img856.jpg 4 90 273 500 0 2 102 60 339 0
../data/voc_data/images/img859.jpg 391 69 500 334 0 99 69 405 333 0 191 29 332 246 0 14 16 61 72 0
../data/voc_data/images/img860.jpg 129 54 257 210 0 214 16 336 206 0
../data/voc_data/images/img861.jpg 156 195 171 238 0 171 198 179 237 0 204 193 221 239 0
../data/voc_data/images/img863.jpg 65 38 303 294 0 281 142 490 375 0
../data/voc_data/images/img865.jpg 157 45 327 333 0 302 151 376 333 0 12 199 185 333 0
../data/voc_data/images/img866.jpg 312 125 358 307 0 69 128 98 220 0 52 139 79 216 0
../data/voc_data/images/img867.jpg 221 89 499 375 0 269 108 343 196 0
../data/voc_data/images/img868.jpg 213 95 311 375 0 251.5498 97.0845 278.4255 137.3981 0 214.0358 235.3824 230.2732 257.2189 0 299.1422 241.5414 309.2206 266.1775 0
../data/voc_data/images/img870.jpg 148 120 426 375 0 87 85 283 359 0
../data/voc_data/images/img871.jpg 257 100 377 236 0 308 125 415 299 0 244 117 500 375 0 77 107 153 239 0
../data/voc_data/images/img872.jpg 252 351 375 500 0 305 307 358 435 0 358 307 375 347 0 343 305 357 336 0
../data/voc_data/images/img873.jpg 1 110 221 346 0 217 114 359 375 0 328 71 500 375 0
../data/voc_data/images/img874.jpg 35 31 57 71 0 126 20 145 50 0 210 14 227 40 0 307 1 336 51 0
../data/voc_data/images/img875.jpg 14 81 217 329 0 206 64 370 280 0
../data/voc_data/images/img876.jpg 15 127 144 370 0 87 92 176 331 0 156 92 252 323 0 219 67 306 329 0
../data/voc_data/images/img878.jpg 277 214 344 343 0 45 252 72 317 0 461 260 476 317 0
../data/voc_data/images/img881.jpg 234 126 322 333 0 316 179 382 333 0 317 89 446 333 0 179 81 259 132 0
../data/voc_data/images/img882.jpg 365 115 460 375 0 274 116 349 375 0 137 93 242 368 0 463 144 500 375 0
../data/voc_data/images/img883.jpg 196 183 227 240 0 370 172 392 228 0 455 189 471 216 0
../data/voc_data/images/img884.jpg 310 117 363 171 0 249 160 424 206 0 120 187 392 276 0
../data/voc_data/images/img888.jpg 269 118 294 152 0 198 134 227 167 0
../data/voc_data/images/img889.jpg 175 235 336 499 0 335 241 462 439 0 344 247 494 500 0
../data/voc_data/images/img890.jpg 200 11 360 157 0 278 70 367 222 0 346 105 400 222 0 1 31 83 222 0
../data/voc_data/images/img891.jpg 133 57 227 330 0 175 75 274 333 0 233 69 360 333 0 340 38 499 330 0
../data/voc_data/images/img892.jpg 123 1 322 193 0 1 1 152 276 0
../data/voc_data/images/img894.jpg 91 60 152 216 0 204 68 257 218 0 332 80 385 148 0 304 119 348 269 0
../data/voc_data/images/img896.jpg 249 61 500 375 0 1 57 29 142 0 4 76 165 343 0 71 56 155 134 0
../data/voc_data/images/img900.jpg 204 188 230 229 0 224 217 258 229 0
../data/voc_data/images/img901.jpg 164 192 203 298 0 209 192 231 292 0 238 192 274 261 0 270 192 298 250 0
../data/voc_data/images/img902.jpg 355 11 444 214 0 311 18 495 400 0
../data/voc_data/images/img903.jpg 360 128 497 323 0 38 95 210 319 0
../data/voc_data/images/img906.jpg 461 141 500 242 0 320 142 362 217 0 349 140 387 221 0 380 139 412 226 0
../data/voc_data/images/img909.jpg 111 121 227 320 0 203 134 292 331 0 283 126 384 334 0
../data/voc_data/images/img910.jpg 379 2 425 148 0 415 66 500 374 0 189 2 290 128 0 336 1 378 53 0
../data/voc_data/images/img912.jpg 142 176 294 437 0 108 5 157 120 0 196 21 243 113 0
../data/voc_data/images/img914.jpg 371 98 500 301 0 297 113 426 266 0 172 110 291 231 0 1 117 149 375 0
../data/voc_data/images/img915.jpg 1 26 247 333 0 283 56 480 238 0
../data/voc_data/images/img916.jpg 442 86 479 199 0 394 87 429 149 0 70 45 116 116 0
../data/voc_data/images/img917.jpg 367 109 385 130 0 347 110 361 129 0 284 106 300 134 0 111 133 138 166 0
../data/voc_data/images/img918.jpg 217 21 372 372 0 354 167 434 275 0 1 51 68 372 0
../data/voc_data/images/img919.jpg 68 52 171 365 0 374 241 374 289 0 354 237 374 313 0 188 167 203 190 0
../data/voc_data/images/img920.jpg 110 75 318 299 0 267 152 367 299 0 221 299 374 299 0 24 299 236 299 0
../data/voc_data/images/img921.jpg 119 49 270 299 0 220 8 272 95 0 273 2 369 243 0 35 1 110 198 0
../data/voc_data/images/img924.jpg 358 212 383 282 0 413 219 446 298 0 389 209 420 287 0
../data/voc_data/images/img926.jpg 1 221 145 500 0 30 178 169 404 0 77 144 125 236 0 90 130 187 245 0
../data/voc_data/images/img928.jpg 79 96 220 375 0 196 110 291 296 0 269 103 429 333 0 242 96 500 375 0
../data/voc_data/images/img929.jpg 28 28 58 109 0 71 24 99 122 0 277 28 333 287 0 77 25 270 396 0
../data/voc_data/images/img934.jpg 65 357 101 500 0 87 344 132 500 0
../data/voc_data/images/img936.jpg 105 42 291 332 0 202 1 500 330 0
../data/voc_data/images/img938.jpg 409 52 439 149 0 369 58 394 114 0 440 71 458 140 0 445 54 468 130 0
../data/voc_data/images/img939.jpg 29 126 67 228 0 100 103 129 216 0 119 103 144 138 0 143 84 232 231 0
../data/voc_data/images/img941.jpg 104 227 206 375 0 196 143 259 284 0
../data/voc_data/images/img942.jpg 300 107 500 333 0 155 89 280 333 0 1 40 189 333 0
../data/voc_data/images/img943.jpg 93 100 107 152 0 103 100 120 151 0 28 121 58 162 0 46 109 68 132 0
../data/voc_data/images/img945.jpg 3 175 174 374 0 217 133 426 375 0
../data/voc_data/images/img946.jpg 283 107 444 375 0 175 61 299 232 0 49 144 193 373 0 179 162 291 375 0
../data/voc_data/images/img949.jpg 113 222 141 257 0 140 222 167 259 0 185 222 209 262 0 166 222 191 256 0
../data/voc_data/images/img950.jpg 395 2 425 102 0 245 4 266 41 0 267 3 281 42 0 281 2 307 86 0
../data/voc_data/images/img951.jpg 323 163 369 245 0 366 160 422 223 0 196 153 274 246 0 74 131 252 375 0
../data/voc_data/images/img952.jpg 51 42 183 189 0 47 123 156 334 0 110 120 269 315 0 120 153 252 325 0
../data/voc_data/images/img954.jpg 23 142 102 264 0 93 153 153 213 0 164 153 246 284 0 274 129 354 313 0
../data/voc_data/images/img955.jpg 122 42 287 461 0 308 111 375 359 0
../data/voc_data/images/img956.jpg 93 108 116 183 0 68 107 93 140 0 418 130 439 152 0 448 132 477 165 0
../data/voc_data/images/img958.jpg 41 73 196 297 0 101 5 232 250 0
../data/voc_data/images/img962.jpg 351 1 450 135 0 1 4 111 333 0
../data/voc_data/images/img963.jpg 235 184 259 238 0 256 184 282 238 0
../data/voc_data/images/img964.jpg 317 85 500 328 0 150 89 270 277 0 1 96 140 247 0
../data/voc_data/images/img967.jpg 72 164 121 309 0 130 161 179 305 0 206 150 274 306 0 302 115 374 307 0
../data/voc_data/images/img968.jpg 257 177 338 352 0 294 126 354 312 0 181 178 337 375 0 477 150 500 293 0
../data/voc_data/images/img969.jpg 25 323 215 500 0 62 117 231 253 0
../data/voc_data/images/img971.jpg 39 83 126 334 0 111 75 162 238 0 154 65 222 241 0 214 99 277 251 0
../data/voc_data/images/img974.jpg 259 146 450 294 0 34 93 172 357 0 181 107 276 294 0 82 26 166 194 0
../data/voc_data/images/img976.jpg 262 123 358 333 0 157 128 242 332 0
../data/voc_data/images/img977.jpg 79 29 288 267 0 1 135 140 500 0
../data/voc_data/images/img978.jpg 68 160 105 219 0 17 153 69 223 0 342 266 500 333 0
../data/voc_data/images/img979.jpg 323 182 500 375 0 181 192 341 375 0 88 165 186 268 0 1 145 134 375 0
../data/voc_data/images/img980.jpg 31 13 485 375 0 379 45 430 138 0 462 43 500 123 0 430 43 467 128 0
../data/voc_data/images/img982.jpg 30 88 180 269 0 172 33 337 201 0 149 126 257 310 0 337 113 468 310 0
../data/voc_data/images/img983.jpg 55 96 111 252 0 88 90 125 230 0
../data/voc_data/images/img985.jpg 60 74 167 313 0 320 138 353 205 0 348 154 381 204 0
../data/voc_data/images/img986.jpg 370 114 437 265 0 1 89 38 184 0
../data/voc_data/images/img989.jpg 51 54 420 375 0 32 2 199 375 0 277 1 477 375 0 380 1 493 338 0
../data/voc_data/images/img991.jpg 1 26 171 276 0 329 1 408 66 0 282 49 500 375 0
../data/voc_data/images/img992.jpg 191 103 221 165 0 289 152 340 333 0 222 150 295 332 0
../data/voc_data/images/img993.jpg 94 128 266 333 0 250 64 500 333 0
../data/voc_data/images/img995.jpg 1 192 49 298 0 63 166 116 254 0 110 195 146 252 0 135 184 192 353 0
../data/voc_data/images/img996.jpg 355 68 409 230 0 206 85 263 246 0 60 65 131 270 0
../data/voc_data/images/img997.jpg 93 94 181 422 0 160 54 259 443 0
../data/voc_data/images/img998.jpg 204 103 447 375 0 17 125 293 375 0 383 2 500 359 0 342 2 435 119 0
../data/voc_data/images/img999.jpg 177 121 263 323 0 284 126 370 305 0
../data/voc_data/images/img1000.jpg 124 211 213 500 0 9 212 138 500 0 84 295 146 386 0 169 210 323 500 0
../data/voc_data/images/img1001.jpg 151 226 174 297 0 121 255 156 301 0
../data/voc_data/images/img1003.jpg 177 50 369 375 0 55 46 148 375 0 1 61 63 375 0 15 48 63 123 0
../data/voc_data/images/img1004.jpg 269 118 500 333 0 34 47 270 333 0
../data/voc_data/images/img1007.jpg 405 22 439 124 0 455 22 500 184 0 197 25 241 81 0 165 25 204 91 0
../data/voc_data/images/img1008.jpg 113 193 176 348 0 158 178 214 344 0 260 196 303 286 0 262 206 332 302 0
../data/voc_data/images/img1009.jpg 77 320 94 367 0 47 321 67 367 0 136 194 220 334 0 102 236 250 500 0
../data/voc_data/images/img1010.jpg 2 202 86 500 0 262 153 333 500 0 29 72 333 500 0
../data/voc_data/images/img1012.jpg 240 69 379 333 0 114 42 257 333 0
../data/voc_data/images/img1013.jpg 397 1 469 132 0 5 1 95 187 0
../data/voc_data/images/img1016.jpg 291 41 500 375 0 1 30 295 375 0 321 81 366 128 0 1 64 61 193 0
../data/voc_data/images/img1017.jpg 180 75 248 163 0 90 82 133 199 0 1 72 103 455 0 102 174 279 397 0
../data/voc_data/images/img1018.jpg 113 4 270 244 0 1 30 153 312 0 235 56 270 113 0 133 98 147 111 0
../data/voc_data/images/img1020.jpg 1 138 148 371 0 68 137 121 220 0 162 99 240 213 0 233 126 318 218 0
../data/voc_data/images/img1022.jpg 117 218 395 334 0 295 90 438 335 0 210 93 301 217 0 224 74 305 218 0
../data/voc_data/images/img1023.jpg 246 415 265 500 0 192 400 238 500 0 85 405 137 500 0 37 409 87 500 0
../data/voc_data/images/img1024.jpg 1 2 118 189 0 1 89 155 301 0 331 110 500 325 0 153 85 344 290 0
../data/voc_data/images/img1025.jpg 278 33 373 358 0 334 42 412 310 0 3 25 134 358 0 217 38 309 288 0
../data/voc_data/images/img1026.jpg 153 96 266 217 0 307 161 376 220 0 290 178 497 375 0 190 270 298 375 0
../data/voc_data/images/img1027.jpg 1 71 291 500 0 32 98 156 311 0
../data/voc_data/images/img1029.jpg 203 118 340 351 0 1 180 23 306 0
../data/voc_data/images/img1030.jpg 432 55 460 70 0 399 1 433 20 0 336 1 463 201 0 249 71 356 200 0
../data/voc_data/images/img1031.jpg 5 75 500 375 0 152 2 488 140 0
../data/voc_data/images/img1032.jpg 160 153 184 192 0 187 155 213 214 0 129 157 150 196 0
../data/voc_data/images/img1033.jpg 101 135 148 175 0 182 148 224 172 0
../data/voc_data/images/img1034.jpg 190 92 252 202 0 356 87 404 173 0 350 94 464 216 0
../data/voc_data/images/img1035.jpg 319 109 500 375 0 219 149 366 375 0 94 112 258 375 0 1 125 139 375 0
../data/voc_data/images/img1036.jpg 217 83 458 333 0 6 22 323 333 0
../data/voc_data/images/img1037.jpg 320 125 493 340 0 93 3 163 143 0
../data/voc_data/images/img1039.jpg 118 185 157 319 0 4 199 31 273 0 27 201 35 257 0
../data/voc_data/images/img1040.jpg 1 8 155 500 0 137 344 308 500 0 280 392 375 500 0 238 108 372 415 0
../data/voc_data/images/img1041.jpg 379 42 464 310 0 250 41 355 220 0 73 49 166 306 0
../data/voc_data/images/img1042.jpg 229 165 274 262 0 76 169 90 202 0 464 159 489 190 0
../data/voc_data/images/img1044.jpg 242 238 286 357 0 289 229 327 359 0 266 210 338 354 0 363 110 394 147 0
../data/voc_data/images/img1045.jpg 12 256 24 291 0 22 255 36 291 0 40 259 56 290 0 429 252 443 291 0
../data/voc_data/images/img1046.jpg 18 169 33 214 0 1 171 13 211 0 342 135 403 221 0
../data/voc_data/images/img1047.jpg 251 181 266 199 0 274 181 288 207 0 289 181 300 205 0 365 169 380 191 0
../data/voc_data/images/img1048.jpg 233 340 335 500 0 29 1 58 56 0 336 1 375 43 0
../data/voc_data/images/img1049.jpg 175 196 195 262 0 70 192 115 326 0 29 202 84 352 0 258 205 278 284 0
../data/voc_data/images/img1050.jpg 115 48 289 395 0 227 1 500 395 0 8 39 144 194 0 36 48 87 147 0
../data/voc_data/images/img1051.jpg 284 43 423 354 0 190 46 320 261 0 97 90 176 295 0 9 94 97 353 0
../data/voc_data/images/img1053.jpg 322 210 359 286 0 128 223 160 322 0 193 269 231 362 0 242 260 274 360 0
../data/voc_data/images/img1054.jpg 304 64 500 333 0 1 88 170 311 0
../data/voc_data/images/img1055.jpg 229 29 419 373 0 111 89 252 375 0 416 177 500 364 0
../data/voc_data/images/img1057.jpg 209 4 499 333 0 11 73 242 332 0
../data/voc_data/images/img1058.jpg 86 115 281 375 0 260 88 500 375 0
../data/voc_data/images/img1060.jpg 134 77 300 500 0 8 108 160 500 0 324 111 375 496 0 1 89 65 500 0
../data/voc_data/images/img1062.jpg 90 1 143 56 0 142 29 199 94 0
../data/voc_data/images/img1066.jpg 287 34 459 395 0 182 76 306 395 0 73 67 205 395 0
../data/voc_data/images/img1067.jpg 293 22 500 375 0 218 4 256 146 0 250 17 278 114 0 147 19 181 57 0
../data/voc_data/images/img1068.jpg 289 68 500 333 0 315 55 418 245 0 213 4 296 201 0 106 25 169 207 0
../data/voc_data/images/img1069.jpg 175 105 203 209 0 146 101 171 202 0
../data/voc_data/images/img1070.jpg 397 10 500 375 0 363 52 487 375 0 326 75 390 195 0 238 58 384 375 0
../data/voc_data/images/img1071.jpg 281 128 380 306 0 283 181 383 332 0 228 200 302 329 0 164 202 231 331 0
../data/voc_data/images/img1072.jpg 291 125 340 256 0 249 136 292 252 0 196 118 247 250 0 164 120 204 244 0
../data/voc_data/images/img1074.jpg 119 86 266 495 0 305 339 375 464 0 233 370 315 499 0 38 304 116 412 0
../data/voc_data/images/img1075.jpg 351 254 375 408 0 278 253 313 326 0 316 253 347 329 0
../data/voc_data/images/img1076.jpg 144 145 206 206 0 300 174 375 375 0 276 194 302 234 0 190 174 266 231 0
../data/voc_data/images/img1077.jpg 217 65 279 228 0 180 39 229 276 0 41 46 225 309 0 253 16 500 336 0
../data/voc_data/images/img1078.jpg 116 17 381 245 0 314 59 345 111 0 304 52 323 86 0 188 45 207 80 0
../data/voc_data/images/img1079.jpg 311 219 334 310 0 297 223 315 295 0 279 231 297 283 0 264 229 283 295 0
../data/voc_data/images/img1080.jpg 45 66 58 97 0 29 65 43 99 0
../data/voc_data/images/img1081.jpg 28 197 43 234 0 454 201 472 252 0 439 205 468 254 0 467 200 496 280 0
../data/voc_data/images/img1082.jpg 161 119 234 427 0 263 158 277 188 0 347 161 357 189 0 356 162 365 190 0
